=== Run information ===

Scheme:       weka.classifiers.bayes.NaiveBayes 
Relation:     2000 to 2019-weka.filters.unsupervised.attribute.Remove-R17-weka.filters.unsupervised.attribute.Remove-R8-weka.filters.unsupervised.attribute.Remove-R7-weka.filters.unsupervised.attribute.Remove-R13
Instances:    4507
Attributes:   15
              Team 1
              Result
              Winner
              Toss
              Bat
              Team 2
              Host_Country
              Venue_Team 1
              Venue_Team 2
              Inning_Team1
              Inning_Team2
              Team1_Toss
              Team2_Toss
              Winner_Inning
              pitchn
Test mode:    10-fold cross-validation

=== Classifier model (full training set) ===

Naive Bayes Classifier

                                   Class
Attribute                    New Zealand     Pakistan    Australia South Africa      England        India     Zimbabwe    Sri Lanka  West Indies   Bangladesh  Netherlands      Ireland  Afghanistan
                                   (0.1)       (0.07)       (0.15)       (0.12)        (0.1)       (0.15)       (0.04)       (0.12)       (0.07)       (0.05)          (0)       (0.02)       (0.02)
=====================================================================================================================================================================================================
Team 1
  New Zealand                       231.0         28.0         44.0         37.0         22.0         29.0          8.0         32.0         12.0         11.0          1.0          1.0          1.0
  West Indies                        24.0         28.0         38.0         38.0         33.0         47.0         11.0         21.0        159.0         16.0          1.0          3.0          4.0
  Australia                          23.0         10.0        349.0         39.0         34.0         30.0          3.0         20.0          9.0          2.0          1.0          1.0          1.0
  India                              24.0         27.0         53.0         30.0         28.0        340.0          6.0         35.0         25.0          8.0          1.0          1.0          1.0
  South Africa                       21.0         22.0         38.0        297.0         22.0         30.0          2.0         27.0         11.0          7.0          1.0          1.0          1.0
  Zimbabwe                           17.0         40.0         15.0         39.0         20.0         36.0         88.0         31.0         32.0         52.0          3.0          9.0         24.0
  England                            26.0         18.0         57.0         18.0        241.0         42.0          4.0         39.0         16.0          6.0          1.0          2.0          1.0
  Sri Lanka                          34.0         48.0         36.0         39.0         27.0         69.0          7.0        284.0          8.0          8.0          1.0          1.0          2.0
  Bangladesh                         25.0         27.0         18.0         19.0         18.0         30.0         25.0         36.0         22.0        125.0          2.0          3.0          5.0
  Netherlands                         1.0          3.0          3.0          4.0          3.0          3.0          2.0          4.0          3.0          2.0          7.0          8.0          5.0
  Ireland                             5.0          8.0          6.0          7.0          9.0          5.0          9.0          6.0          8.0          8.0          2.0         35.0         15.0
  Afghanistan                         4.0          5.0          5.0          2.0          4.0          4.0         17.0          6.0          6.0          7.0          3.0         15.0         49.0
  Pakistan                           14.0         50.0         15.0          4.0         12.0          6.0          2.0          6.0          4.0          5.0          1.0          1.0          1.0
  [total]                           449.0        314.0        677.0        573.0        473.0        671.0        184.0        547.0        315.0        257.0         25.0         81.0        110.0

Result
  won                               231.0         52.0        350.0        296.0        240.0        340.0         87.0        283.0        158.0        125.0          7.0         35.0         49.0
  lost                              207.0        251.0        316.0        266.0        222.0        320.0         86.0        253.0        146.0        121.0          7.0         35.0         50.0
  [total]                           438.0        303.0        666.0        562.0        462.0        660.0        173.0        536.0        304.0        246.0         14.0         70.0         99.0

Toss
  lost                              217.0        150.0        334.0        280.0        231.0        332.0         87.0        267.0        152.0        124.0          7.0         35.0         49.0
  won                               221.0        153.0        332.0        282.0        231.0        328.0         86.0        269.0        152.0        122.0          7.0         35.0         50.0
  [total]                           438.0        303.0        666.0        562.0        462.0        660.0        173.0        536.0        304.0        246.0         14.0         70.0         99.0

Bat
  2nd                               219.0        155.0        334.0        277.0        231.0        330.0         86.0        265.0        150.0        124.0          7.0         35.0         50.0
  first                             219.0        148.0        332.0        285.0        231.0        330.0         87.0        271.0        154.0        122.0          7.0         35.0         49.0
  [total]                           438.0        303.0        666.0        562.0        462.0        660.0        173.0        536.0        304.0        246.0         14.0         70.0         99.0

Team 2
   West Indies                       24.0          6.0         38.0         38.0         33.0         46.0         11.0         21.0        145.0         16.0          1.0          3.0          4.0
   New Zealand                      207.0          5.0         45.0         37.0         22.0         29.0          8.0         32.0         12.0         11.0          1.0          1.0          1.0
   Pakistan                          38.0        253.0         51.0         38.0         31.0         31.0          4.0         39.0         18.0          8.0          1.0          1.0          1.0
   India                             24.0          3.0         52.0         30.0         28.0        318.0          6.0         35.0         25.0          8.0          1.0          1.0          1.0
   Australia                         22.0          2.0        315.0         38.0         34.0         30.0          3.0         19.0          9.0          2.0          1.0          1.0          1.0
   Zimbabwe                          17.0         11.0         15.0         39.0         20.0         36.0         85.0         30.0         32.0         53.0          3.0          9.0         24.0
   South Africa                      21.0          6.0         38.0        264.0         22.0         30.0          2.0         27.0         11.0          7.0          1.0          1.0          1.0
   England                           27.0          5.0         56.0         18.0        221.0         41.0          4.0         40.0         16.0          6.0          1.0          2.0          1.0
   Bangladesh                        25.0          3.0         18.0         19.0         18.0         28.0         26.0         37.0         22.0        121.0          2.0          3.0          4.0
   Sri Lanka                         34.0         13.0         35.0         39.0         28.0         70.0          7.0        251.0          8.0          8.0          1.0          1.0          2.0
   Netherlands                        1.0          1.0          3.0          4.0          3.0          3.0          2.0          4.0          3.0          2.0          7.0          8.0          5.0
   Ireland                            5.0          3.0          6.0          7.0          9.0          5.0          9.0          6.0          8.0          8.0          2.0         35.0         15.0
   Afghanistan                        4.0          3.0          5.0          2.0          4.0          4.0         17.0          6.0          6.0          7.0          3.0         15.0         50.0
  [total]                           449.0        314.0        677.0        573.0        473.0        671.0        184.0        547.0        315.0        257.0         25.0         81.0        110.0

Host_Country
  New Zealand                       248.0         10.0         31.0         31.0         17.0         33.0          5.0         35.0         12.0          1.0          1.0          5.0          1.0
  Australia                          21.0         18.0        311.0         51.0         41.0         51.0          3.0         38.0         12.0          9.0          1.0          5.0          1.0
  South Africa                       24.0         13.0         53.0        267.0         22.0         28.0          5.0         26.0         10.0          1.0          1.0          1.0          1.0
  Pakistan                            1.0         55.0          2.0          7.0          4.0         13.0          1.0         16.0          2.0          1.0          1.0          1.0          1.0
  Zimbabwe                           23.0         28.0         17.0         47.0         25.0         47.0        102.0         33.0         29.0         26.0          1.0          7.0         33.0
  India                              14.0          9.0         57.0         34.0         23.0        243.0          7.0         19.0         39.0          1.0          1.0         13.0         11.0
  U.A.E                               8.0         42.0         22.0         11.0          9.0         14.0         13.0         26.0          2.0          3.0          3.0          9.0         29.0
  West Indies                        20.0         20.0         53.0         45.0         43.0         37.0          5.0         25.0        146.0         15.0          3.0          3.0          3.0
  Bangladesh                         13.0         24.0         13.0         19.0         17.0         50.0         21.0         45.0         17.0        160.0          1.0          1.0          6.0
  Sri Lanka                          16.0         27.0         25.0         21.0         23.0         71.0          9.0        225.0          7.0          5.0          1.0          1.0          1.0
  England                            41.0         30.0         68.0         26.0        232.0         63.0         11.0         44.0         23.0         13.0          1.0          1.0          1.0
  Singapore                           1.0          3.0          1.0          4.0          1.0          1.0          1.0          1.0          1.0          1.0          1.0          1.0          1.0
  Netherlands                         1.0          2.0          2.0          3.0          1.0          1.0          1.0          5.0          1.0          1.0          3.0          5.0          3.0
  India                               1.0          3.0          3.0          1.0          1.0         11.0          1.0          1.0          5.0          3.0          1.0          1.0          1.0
  Abu Dhabi                          11.0         27.0          9.0          4.0          6.0          2.0          1.0          2.0          1.0          5.0          1.0          1.0          5.0
  Ireland                             7.0          6.0          7.0          5.0         11.0          7.0          1.0          9.0          7.0         15.0          1.0         27.0         11.0
  Malaysia                            1.0          1.0          7.0          1.0          1.0          3.0          1.0          1.0          5.0          1.0          1.0          1.0          1.0
  Scotland                            3.0          1.0          1.0          1.0          1.0          1.0          1.0          1.0          1.0          1.0          3.0          1.0          1.0
  Netherlands                         1.0          1.0          1.0          1.0          1.0          1.0          1.0          1.0          1.0          1.0          5.0          3.0          5.0
  [total]                           455.0        320.0        683.0        579.0        479.0        677.0        190.0        553.0        321.0        263.0         31.0         87.0        116.0

Venue_Team 1
  Home                              182.0        106.0        277.0        234.0        204.0        259.0         74.0        210.0        126.0        106.0          4.0         18.0         26.0
  Away                              166.0         75.0        267.0        228.0        201.0        253.0         70.0        204.0        118.0        102.0          4.0         19.0         25.0
  Neutral                            91.0        123.0        123.0        101.0         58.0        149.0         30.0        123.0         61.0         39.0          7.0         34.0         49.0
  [total]                           439.0        304.0        667.0        563.0        463.0        661.0        174.0        537.0        305.0        247.0         15.0         71.0        100.0

Venue_Team 2
  Away                              182.0        106.0        277.0        235.0        204.0        260.0         74.0        210.0        126.0        106.0          4.0         18.0         26.0
  Home                              166.0         75.0        267.0        227.0        201.0        252.0         70.0        204.0        118.0        102.0          4.0         19.0         25.0
  Neutral                            91.0        123.0        123.0        101.0         58.0        149.0         30.0        123.0         61.0         39.0          7.0         34.0         49.0
  [total]                           439.0        304.0        667.0        563.0        463.0        661.0        174.0        537.0        305.0        247.0         15.0         71.0        100.0

Inning_Team1
  2nd                               219.0        155.0        334.0        277.0        231.0        330.0         86.0        265.0        150.0        124.0          7.0         35.0         50.0
  first                             219.0        148.0        332.0        285.0        231.0        330.0         87.0        271.0        154.0        122.0          7.0         35.0         49.0
  [total]                           438.0        303.0        666.0        562.0        462.0        660.0        173.0        536.0        304.0        246.0         14.0         70.0         99.0

Inning_Team2
  first                             219.0        155.0        334.0        277.0        231.0        330.0         86.0        265.0        150.0        124.0          7.0         35.0         50.0
  2nd                               219.0        148.0        332.0        285.0        231.0        330.0         87.0        271.0        154.0        122.0          7.0         35.0         49.0
  [total]                           438.0        303.0        666.0        562.0        462.0        660.0        173.0        536.0        304.0        246.0         14.0         70.0         99.0

Team1_Toss
  lost                              217.0        150.0        334.0        280.0        231.0        332.0         87.0        267.0        152.0        124.0          7.0         35.0         49.0
  won                               221.0        153.0        332.0        282.0        231.0        328.0         86.0        269.0        152.0        122.0          7.0         35.0         50.0
  [total]                           438.0        303.0        666.0        562.0        462.0        660.0        173.0        536.0        304.0        246.0         14.0         70.0         99.0

Team2_Toss
  won                               217.0        150.0        334.0        280.0        231.0        332.0         87.0        267.0        152.0        124.0          7.0         35.0         49.0
  lost                              221.0        153.0        332.0        282.0        231.0        328.0         86.0        269.0        152.0        122.0          7.0         35.0         50.0
  [total]                           438.0        303.0        666.0        562.0        462.0        660.0        173.0        536.0        304.0        246.0         14.0         70.0         99.0

Winner_Inning
  2ndinningwinner                   231.0        152.0        278.0        279.0        254.0        359.0        109.0        235.0        164.0        124.0          9.0         41.0         43.0
  1stinningwinner                   207.0        150.0        388.0        283.0        208.0        301.0         64.0        301.0        140.0        122.0          5.0         29.0         56.0
  [total]                           438.0        302.0        666.0        562.0        462.0        660.0        173.0        536.0        304.0        246.0         14.0         70.0         99.0

pitchn
  fast/green/swing/bouncy           248.0         10.0         31.0         31.0         17.0         33.0          5.0         35.0         12.0          1.0          1.0          5.0          1.0
  fast/ high bounce                  21.0         18.0        311.0         51.0         41.0         51.0          3.0         38.0         12.0          9.0          1.0          5.0          1.0
  fast/high bounce                   24.0         13.0         53.0        267.0         22.0         28.0          5.0         26.0         10.0          1.0          1.0          1.0          1.0
   flat/dead                          1.0         55.0          2.0          7.0          4.0         13.0          1.0         16.0          2.0          1.0          1.0          1.0          1.0
  slow/dusty                         54.0         70.0         81.0        109.0         83.0        132.0        126.0        101.0        190.0        199.0          3.0          9.0         40.0
  flat/dead                          14.0         11.0         63.0         37.0         23.0        245.0          7.0         19.0         43.0          1.0          1.0         13.0         11.0
  flat/dead/dry                      18.0         68.0         30.0         14.0         14.0         15.0         13.0         27.0          2.0          7.0          3.0          9.0         33.0
  dry/dusty                          16.0         27.0         25.0         21.0         23.0         71.0          9.0        225.0          7.0          5.0          1.0          1.0          1.0
  fast/green/bouncy/swing            41.0         30.0         68.0         26.0        232.0         63.0         11.0         44.0         23.0         13.0          1.0          1.0          1.0
  fast/green/bouncy                   1.0          2.0          2.0          3.0          1.0          1.0          1.0          5.0          1.0          1.0          3.0          5.0          3.0
  flat/dead                           1.0          3.0          3.0          1.0          1.0         11.0          1.0          1.0          5.0          3.0          1.0          1.0          1.0
  fast/green/bouncy                   9.0          6.0          7.0          5.0         11.0          7.0          1.0          9.0          7.0         15.0          7.0         29.0         15.0
  [total]                           448.0        313.0        676.0        572.0        472.0        670.0        183.0        546.0        314.0        256.0         24.0         80.0        109.0



Time taken to build model: 0 seconds

=== Stratified cross-validation ===
=== Summary ===

Correctly Classified Instances        2282               50.6323 %
Incorrectly Classified Instances      2225               49.3677 %
Kappa statistic                          0.4528
Mean absolute error                      0.0764
Root mean squared error                  0.2431
Relative absolute error                 55.5796 %
Root relative squared error             92.7327 %
Total Number of Instances             4507     

=== Detailed Accuracy By Class ===

                 TP Rate  FP Rate  Precision  Recall   F-Measure  MCC      ROC Area  PRC Area  Class
                 0.578    0.042    0.593      0.578    0.585      0.542    0.944     0.643     New Zealand
                 0.551    0.037    0.519      0.551    0.535      0.500    0.936     0.618     Pakistan
                 0.492    0.063    0.573      0.492    0.530      0.457    0.930     0.658     Australia
                 0.529    0.047    0.615      0.529    0.569      0.515    0.938     0.667     South Africa
                 0.502    0.062    0.479      0.502    0.490      0.431    0.912     0.524     England
                 0.438    0.057    0.568      0.438    0.494      0.426    0.906     0.599     India
                 0.585    0.054    0.299      0.585    0.395      0.386    0.904     0.315     Zimbabwe
                 0.446    0.048    0.553      0.446    0.494      0.437    0.909     0.578     Sri Lanka
                 0.497    0.053    0.403      0.497    0.445      0.403    0.899     0.434     West Indies
                 0.660    0.042    0.474      0.660    0.551      0.529    0.949     0.518     Bangladesh
                 0.000    0.004    0.000      0.000    0.000      -0.003   0.979     0.113     Netherlands
                 0.529    0.023    0.259      0.529    0.348      0.357    0.976     0.380     Ireland
                 0.381    0.012    0.420      0.381    0.400      0.388    0.972     0.407     Afghanistan
Weighted Avg.    0.506    0.051    0.527      0.506    0.510      0.459    0.925     0.577     

=== Confusion Matrix ===

   a   b   c   d   e   f   g   h   i   j   k   l   m   <-- classified as
 252  16  20  25  32  19  18  18  16  12   0   8   0 |   a = New Zealand
  10 166  13  12  19  10  16  19  17  13   0   5   1 |   b = Pakistan
  30  28 327  62  62  60  12  25  37  12   1   6   2 |   c = Australia
  30  21  52 296  21  33  20  21  42  16   2   6   0 |   d = South Africa
  16  16  40  21 231  22  24  22  42  16   0  10   0 |   e = England
  32  26  54  27  39 288  38  67  34  41   0   6   6 |   f = India
   4   1   2   4  10   6 100   8   3  20   0   0  13 |   g = Zimbabwe
  34  37  38  25  39  34  28 238  13  28   4   8   8 |   h = Sri Lanka
  11   5  13   9  19  33  22   7 150  16   0  10   7 |   i = West Indies
   2   3   8   0  10   0  25   5  14 161   0  14   2 |   j = Bangladesh
   0   0   0   0   0   0   0   0   0   0   0  10   2 |   k = Netherlands
   4   0   4   0   0   2   6   0   2   0   4  36  10 |   l = Ireland
   0   1   0   0   0   0  26   0   2   5   6  20  37 |   m = Afghanistan

